Id,Name,AllIngredients,Verbs,Steps,Ingredient
309582,vegetable biryani  south africa,"onions, butter, chili peppers, fresh ginger, garlic cloves, dry lentils, green peas, carrot, green beans, tomatoes, whole cloves, cinnamon sticks, cardamom pods, turmeric, of fresh mint, long-grain white rice, potatoes, salt, hot water, yogurt",fry,1,"[' canned stewed tomatoes,beef stew meat, beef stew meat, stewed tomatoes, lean stewing beef,stewing beef, stewing beef,lean stewing beef, pork stew meat, new potato, dried chipotle powder, chipotle pepper, sweet potatoes, potatoes, sweet potato, russet potatoes, potato, red potatoes,baby red potatoes, baby potatoes,sweet potato, chipotle chile in adobo,potatoes, chipotle peppers,chipotle chiles in adobo, pureed chipotle chiles, boiled potatoes, instant mashed potatoes, baking potatoes, yukon gold potatoes, white potatoes, potato chips, yukon gold potato, simply potatoes shredded hash browns, chipotle chiles, chipotle chiles in adobo, chipotle chile, instant potato flakes, idaho potatoes, new potatoes, russet potato, boiling potato, ground chipotle chile pepper,new potato, potato starch,sweet potatoes,potato,red potatoes, fingerling potato, mashed potatoes, potato sticks, small potato, potato salad, tabasco brand chipotle pepper sauce,russet potatoes,mashed potatoes, boiling potatoes, dried chipotle chile,new potatoes, white potato,idaho potatoes, frozen potato pierogies,yukon gold potato, yellow fin potatoes, small red potato, small potatoes, reduced-fat potato chips, simply potatoes traditional mashed potatoes, simply potatoes diced potatoes with onion, baking potato, raw potatoes, raw sweet potato, red sweet potatoes, sweet onions, red onions, brown onions, onions,yellow onions, yellow onions, green onions, white onions, spring onions,onions, white pearl onions, diced onions, ""frenchs french fried onions"", frozen pearl onions, french-fried onions, green onions with top, baby onions, frozen small whole onions, vidalia onions,green onions,diced onions, fried onions, green onions with tops, maui onions, texas sweet onions, fresh onions, low-fat buttermilk, butter, unsalted butter,unsalted butter,butter, buttermilk, peanut butter, natural-style peanut butter, reduced-fat creamy peanut butter, coconut butter, clarified butter,butternut squash, smooth cashew butter, smooth peanut butter, butternut squash,peanut butter, butter flavor shortening, salted butter, sweet butter, butter lettuce leaves, chunky peanut butter,buttermilk, light butter, butter flavored crackers, peanut butter chips, dry buttermilk, pillsbury grands refrigerated buttermilk biscuits, butter beans,clarified butter, whipped butter, butter lettuce leaf, creamy peanut butter, almond butter, skim milk buttermilk, butter buds, butternut pumpkin, prune butter, apple butter, crunchy peanut butter,butterhead lettuce,buttery crackers, butter toffee peanuts,salted butter']"
309582,vegetable biryani  south africa,"onions, butter, chili peppers, fresh ginger, garlic cloves, dry lentils, green peas, carrot, green beans, tomatoes, whole cloves, cinnamon sticks, cardamom pods, turmeric, of fresh mint, long-grain white rice, potatoes, salt, hot water, yogurt",fry,3,"[' new potato, dried chipotle powder, chipotle pepper, sweet potatoes, potatoes, sweet potato, russet potatoes, potato, red potatoes,baby red potatoes, baby potatoes,sweet potato, chipotle chile in adobo,potatoes, chipotle peppers,chipotle chiles in adobo, pureed chipotle chiles, boiled potatoes, instant mashed potatoes, baking potatoes, yukon gold potatoes, white potatoes, potato chips, yukon gold potato, simply potatoes shredded hash browns, chipotle chiles, chipotle chiles in adobo, chipotle chile, instant potato flakes, idaho potatoes, new potatoes, russet potato, boiling potato, ground chipotle chile pepper,new potato, potato starch,sweet potatoes,potato,red potatoes, fingerling potato, mashed potatoes, potato sticks, small potato, potato salad, tabasco brand chipotle pepper sauce,russet potatoes,mashed potatoes, boiling potatoes, dried chipotle chile,new potatoes, white potato,idaho potatoes, frozen potato pierogies,yukon gold potato, yellow fin potatoes, small red potato, small potatoes, reduced-fat potato chips, simply potatoes traditional mashed potatoes, simply potatoes diced potatoes with onion, baking potato, raw potatoes, raw sweet potato, red sweet potatoes, fresh ginger, ginger, ground ginger, candied ginger,fresh ginger, minced ginger, crystallized ginger, ginger paste, ginger powder, gingerroot, fresh gingerroot, ginger-garlic paste, powdered ginger, ginger juice,gingerroot, dried ginger, ginger ale,ginger, gingersnap cookie, pickled ginger, fresh garlic, garlic, garlic clove, garlic cloves, garlic powder, minced garlic cloves, fresh garlic cloves, garlic granules, garlic salt, granulated garlic, chili-garlic sauce, garlic paste,garlic clove, cream cheese with garlic and herbs, bulbs of garlic,garlic, garlic pepper seasoning, chili paste with garlic,garlic cloves, diced tomatoes with basil and garlic, garlic chives, garlic sauce, minced garlic clove, bulb of garlic, roasted garlic, head of garlic, garlic-flavored olive oil, garlic sea salt, garlic juice, garlic bread, garlic seasoning, fresh garlic clove, garlic oil, tomatoes with garlic,garlic powder, garlic and red chile paste,chile sauce with garlic, garlic heads, roasted garlic cloves, garlic-flavored croutons, chili powder, red chili pepper, chili,chili powder, thai sweet chili sauce, chili flakes, green chilies, dried red chili peppers, chili oil, red chili peppers, ancho chilies, guajillo chilies, chili paste, thai red chili pepper, green chili pepper, green chili, dried red chilies, red chili powder, sweet chili sauce, chili pepper, red chili sauce, mild green chilies, chili sauce, chili peppers, diced green chilies, serrano chili, red chili pepper flakes, hot chili paste, anaheim chili, hot chili pepper, red chilies, dried chilies, chilies, ortega green chilies, dried red chili, dark chili powder, sambal chili paste, serrano chilies, diced tomatoes with mild green chilies, chili pepper flakes, hot chili oil, red chili paste, fresh chili peppers, sambal oelek chili paste, dried chili pepper flakes,dried chilies, chili-style ground beef, mild chili powder, anaheim chilies, diced tomatoes with green chilies, mexican chili powder, chili beans, hot chili powder, diced green chilis, ancho chili, hot green chili peppers, hot red chili peppers, fresh green chilies, whole green chilies, rotel tomatoes & chilies, dried chili, fresh chili pepper, szechwan chili sauce, thai green chili, pinto beans in chili sauce, green chili peppers,dried red chilies,ancho chili,ancho chilies,dried hot red chili peppers, chili hot beans, hot green chili pepper, chinese chili sauce,guajillo chilies, tomatoes and green chilies, hot chili sauce, new mexico green chilies, thai red chili peppers, serrano chili peppers,red chilies, tomato paste,tomato paste, curry paste, tahini paste, tamarind paste, mild curry paste, guava paste, hot pepper paste, red curry paste, onion paste, almond paste, poppy seed paste, sesame paste, thai curry paste, thai red curry paste,tamarind paste, shrimp paste, hot bean paste, wasabi paste, lemongrass paste, contadina tomato paste, tandoori paste, green curry paste, concentrated tomato paste, anchovy paste, hunts tomato paste, no-added-salt tomato paste, laksa paste, dried shrimp paste, vanilla bean paste, korean red pepper paste']"
309582,vegetable biryani  south africa,"onions, butter, chili peppers, fresh ginger, garlic cloves, dry lentils, green peas, carrot, green beans, tomatoes, whole cloves, cinnamon sticks, cardamom pods, turmeric, of fresh mint, long-grain white rice, potatoes, salt, hot water, yogurt",are,1,"[' canned stewed tomatoes,beef stew meat, beef stew meat, stewed tomatoes, lean stewing beef,stewing beef, stewing beef,lean stewing beef, pork stew meat, new potato, dried chipotle powder, chipotle pepper, sweet potatoes, potatoes, sweet potato, russet potatoes, potato, red potatoes,baby red potatoes, baby potatoes,sweet potato, chipotle chile in adobo,potatoes, chipotle peppers,chipotle chiles in adobo, pureed chipotle chiles, boiled potatoes, instant mashed potatoes, baking potatoes, yukon gold potatoes, white potatoes, potato chips, yukon gold potato, simply potatoes shredded hash browns, chipotle chiles, chipotle chiles in adobo, chipotle chile, instant potato flakes, idaho potatoes, new potatoes, russet potato, boiling potato, ground chipotle chile pepper,new potato, potato starch,sweet potatoes,potato,red potatoes, fingerling potato, mashed potatoes, potato sticks, small potato, potato salad, tabasco brand chipotle pepper sauce,russet potatoes,mashed potatoes, boiling potatoes, dried chipotle chile,new potatoes, white potato,idaho potatoes, frozen potato pierogies,yukon gold potato, yellow fin potatoes, small red potato, small potatoes, reduced-fat potato chips, simply potatoes traditional mashed potatoes, simply potatoes diced potatoes with onion, baking potato, raw potatoes, raw sweet potato, red sweet potatoes, sweet onions, red onions, brown onions, onions,yellow onions, yellow onions, green onions, white onions, spring onions,onions, white pearl onions, diced onions, ""frenchs french fried onions"", frozen pearl onions, french-fried onions, green onions with top, baby onions, frozen small whole onions, vidalia onions,green onions,diced onions, fried onions, green onions with tops, maui onions, texas sweet onions, fresh onions, low-fat buttermilk, butter, unsalted butter,unsalted butter,butter, buttermilk, peanut butter, natural-style peanut butter, reduced-fat creamy peanut butter, coconut butter, clarified butter,butternut squash, smooth cashew butter, smooth peanut butter, butternut squash,peanut butter, butter flavor shortening, salted butter, sweet butter, butter lettuce leaves, chunky peanut butter,buttermilk, light butter, butter flavored crackers, peanut butter chips, dry buttermilk, pillsbury grands refrigerated buttermilk biscuits, butter beans,clarified butter, whipped butter, butter lettuce leaf, creamy peanut butter, almond butter, skim milk buttermilk, butter buds, butternut pumpkin, prune butter, apple butter, crunchy peanut butter,butterhead lettuce,buttery crackers, butter toffee peanuts,salted butter']"
309582,vegetable biryani  south africa,"onions, butter, chili peppers, fresh ginger, garlic cloves, dry lentils, green peas, carrot, green beans, tomatoes, whole cloves, cinnamon sticks, cardamom pods, turmeric, of fresh mint, long-grain white rice, potatoes, salt, hot water, yogurt",remove,2,"[' pepperoni slices, cheese slices, dill pickle slices, lemon slices, lime slices, peach slices, ham slices, canned jalapeno slices, peach slices in heavy syrup,pineapple slices in syrup']"
309582,vegetable biryani  south africa,"onions, butter, chili peppers, fresh ginger, garlic cloves, dry lentils, green peas, carrot, green beans, tomatoes, whole cloves, cinnamon sticks, cardamom pods, turmeric, of fresh mint, long-grain white rice, potatoes, salt, hot water, yogurt",set,2,"[' pepperoni slices, cheese slices, dill pickle slices, lemon slices, lime slices, peach slices, ham slices, canned jalapeno slices, peach slices in heavy syrup,pineapple slices in syrup']"
309582,vegetable biryani  south africa,"onions, butter, chili peppers, fresh ginger, garlic cloves, dry lentils, green peas, carrot, green beans, tomatoes, whole cloves, cinnamon sticks, cardamom pods, turmeric, of fresh mint, long-grain white rice, potatoes, salt, hot water, yogurt",add,3,"[' new potato, dried chipotle powder, chipotle pepper, sweet potatoes, potatoes, sweet potato, russet potatoes, potato, red potatoes,baby red potatoes, baby potatoes,sweet potato, chipotle chile in adobo,potatoes, chipotle peppers,chipotle chiles in adobo, pureed chipotle chiles, boiled potatoes, instant mashed potatoes, baking potatoes, yukon gold potatoes, white potatoes, potato chips, yukon gold potato, simply potatoes shredded hash browns, chipotle chiles, chipotle chiles in adobo, chipotle chile, instant potato flakes, idaho potatoes, new potatoes, russet potato, boiling potato, ground chipotle chile pepper,new potato, potato starch,sweet potatoes,potato,red potatoes, fingerling potato, mashed potatoes, potato sticks, small potato, potato salad, tabasco brand chipotle pepper sauce,russet potatoes,mashed potatoes, boiling potatoes, dried chipotle chile,new potatoes, white potato,idaho potatoes, frozen potato pierogies,yukon gold potato, yellow fin potatoes, small red potato, small potatoes, reduced-fat potato chips, simply potatoes traditional mashed potatoes, simply potatoes diced potatoes with onion, baking potato, raw potatoes, raw sweet potato, red sweet potatoes, fresh ginger, ginger, ground ginger, candied ginger,fresh ginger, minced ginger, crystallized ginger, ginger paste, ginger powder, gingerroot, fresh gingerroot, ginger-garlic paste, powdered ginger, ginger juice,gingerroot, dried ginger, ginger ale,ginger, gingersnap cookie, pickled ginger, fresh garlic, garlic, garlic clove, garlic cloves, garlic powder, minced garlic cloves, fresh garlic cloves, garlic granules, garlic salt, granulated garlic, chili-garlic sauce, garlic paste,garlic clove, cream cheese with garlic and herbs, bulbs of garlic,garlic, garlic pepper seasoning, chili paste with garlic,garlic cloves, diced tomatoes with basil and garlic, garlic chives, garlic sauce, minced garlic clove, bulb of garlic, roasted garlic, head of garlic, garlic-flavored olive oil, garlic sea salt, garlic juice, garlic bread, garlic seasoning, fresh garlic clove, garlic oil, tomatoes with garlic,garlic powder, garlic and red chile paste,chile sauce with garlic, garlic heads, roasted garlic cloves, garlic-flavored croutons, chili powder, red chili pepper, chili,chili powder, thai sweet chili sauce, chili flakes, green chilies, dried red chili peppers, chili oil, red chili peppers, ancho chilies, guajillo chilies, chili paste, thai red chili pepper, green chili pepper, green chili, dried red chilies, red chili powder, sweet chili sauce, chili pepper, red chili sauce, mild green chilies, chili sauce, chili peppers, diced green chilies, serrano chili, red chili pepper flakes, hot chili paste, anaheim chili, hot chili pepper, red chilies, dried chilies, chilies, ortega green chilies, dried red chili, dark chili powder, sambal chili paste, serrano chilies, diced tomatoes with mild green chilies, chili pepper flakes, hot chili oil, red chili paste, fresh chili peppers, sambal oelek chili paste, dried chili pepper flakes,dried chilies, chili-style ground beef, mild chili powder, anaheim chilies, diced tomatoes with green chilies, mexican chili powder, chili beans, hot chili powder, diced green chilis, ancho chili, hot green chili peppers, hot red chili peppers, fresh green chilies, whole green chilies, rotel tomatoes & chilies, dried chili, fresh chili pepper, szechwan chili sauce, thai green chili, pinto beans in chili sauce, green chili peppers,dried red chilies,ancho chili,ancho chilies,dried hot red chili peppers, chili hot beans, hot green chili pepper, chinese chili sauce,guajillo chilies, tomatoes and green chilies, hot chili sauce, new mexico green chilies, thai red chili peppers, serrano chili peppers,red chilies, tomato paste,tomato paste, curry paste, tahini paste, tamarind paste, mild curry paste, guava paste, hot pepper paste, red curry paste, onion paste, almond paste, poppy seed paste, sesame paste, thai curry paste, thai red curry paste,tamarind paste, shrimp paste, hot bean paste, wasabi paste, lemongrass paste, contadina tomato paste, tandoori paste, green curry paste, concentrated tomato paste, anchovy paste, hunts tomato paste, no-added-salt tomato paste, laksa paste, dried shrimp paste, vanilla bean paste, korean red pepper paste']"
309582,vegetable biryani  south africa,"onions, butter, chili peppers, fresh ginger, garlic cloves, dry lentils, green peas, carrot, green beans, tomatoes, whole cloves, cinnamon sticks, cardamom pods, turmeric, of fresh mint, long-grain white rice, potatoes, salt, hot water, yogurt",add,4,"[' brown lentils,dried brown lentils, red lentils, lentils,dry lentils, dry lentils, green lentils, white lentils, yellow lentils,dried lentils, dried brown lentils, split yellow lentils,dry green lentils, split red lentils,lentils, dried lentils, chickpeas, peas, black-eyed peas, frozen peas and carrot, frozen sweet peas, frozen peas, baby peas, split peas, snow peas, green peas,chickpeas, frozen baby peas, yellow split peas, snap peas, fresh peas,dried split yellow peas, fresh snow peas,peasant bread, canned chick-peas, baby green peas, dried split peas, sweet peas, sugar snap peas, frozen tiny peas,carrots, carrots, baby carrots,baby carrots,fresh carrots, fresh carrots, marzipan carrots, green beans, black beans, pinto beans, red kidney beans, dark red kidney beans, yellow beans, lima beans, garbanzo beans, ranch style beans, frozen green beans, refried beans, canned black beans, cannellini beans,beans, white kidney beans,dry pinto beans, dried navy beans, canned red kidney beans,black beans, kidney beans, ""bushs red beans"", fresh green beans, broad beans,pinto beans, red beans, fava beans, adzuki beans, great northern beans, frozen corn and black beans, navy beans, italian cut green beans, small white beans, pork and beans,dark red kidney beans, light kidney beans, snake beans, white beans,dried garbanzo beans, baby lima beans, chili beans, string beans,dried black beans, cut green beans,dried kidney beans, fresh lima beans, dried garbanzo beans, beans, canned white beans, dried beans, pork and beans in tomato sauce, butter beans,dried pinto beans,green beans,navy beans, canned pinto beans, cranberry beans,red beans, pinto beans in chili sauce, wax beans, dried cannellini beans, soybeans, romano beans, dried black beans, canned kidney beans, chili hot beans,broad beans, french beans, fat-free refried beans, pink beans,garbanzo beans,ranch style beans, vanilla beans']"
309582,vegetable biryani  south africa,"onions, butter, chili peppers, fresh ginger, garlic cloves, dry lentils, green peas, carrot, green beans, tomatoes, whole cloves, cinnamon sticks, cardamom pods, turmeric, of fresh mint, long-grain white rice, potatoes, salt, hot water, yogurt",add,6,"[' tomatoes, crushed tomatoes, crushed tomatoes in puree, roma tomatoes, whole tomatoes, cherry tomatoes, diced tomatoes, diced tomatoes with juice, chopped tomatoes,tomatoes, grape tomatoes, sun-dried tomatoes, plum tomatoes, canned tomatoes, italian-style diced tomatoes, fresh tomatoes, canned stewed tomatoes, italian-style tomatoes, whole canned tomatoes, stewed tomatoes, tomatoes with juice, rotel tomatoes,roma tomatoes, diced tomatoes with basil and garlic, ro-tel tomatoes,green tomatoes, diced tomatoes with mild green chilies, italian plum tomatoes, fire-roasted tomatoes, diced tomatoes with green chilies, yellow cherry tomatoes,crushed tomatoes, green tomatoes, italian tomatoes, sun-dried tomatoes packed in oil, san marzano tomatoes, green cherry tomatoes, rotel tomatoes & chilies, canned plum tomatoes,diced tomatoes, diced tomatoes in tomato puree, tomatoes with jalapeno peppers,chopped tomatoes,sun-dried tomatoes, no-salt-added diced tomatoes, heirloom tomatoes, tomatoes with garlic, tomatoes and green chilies, no-salt-added whole tomatoes, diced tomatoes with jalapenos, beefsteak tomatoes, rotel diced tomatoes, diced fire-roasted tomatoes, yellow tomatoes, pickling spices, cajun spices, spices, italian spices, of fresh mint, mint leaves, fresh mint leaves, dried mint, spearmint candy leaf, mint, mint leaf, fresh spearmint, mint sprig,mint leaf, mint sprigs, mint sauce']"
309582,vegetable biryani  south africa,"onions, butter, chili peppers, fresh ginger, garlic cloves, dry lentils, green peas, carrot, green beans, tomatoes, whole cloves, cinnamon sticks, cardamom pods, turmeric, of fresh mint, long-grain white rice, potatoes, salt, hot water, yogurt",add,8,"[' long-grain rice, rice, basmati rice, cooked wild rice, brown basmati rice, cooked rice, rice wine, brown rice, long grain white rice, rice vinegar, rice sticks, rice wine vinegar, cooked white rice, jasmine rice, cooked long-grain rice,rice wine vinegar, long grain rice, steamed rice, converted rice, rice vermicelli,cooked brown rice, white rice, wild rice,rice, instant rice, seasoned rice vinegar,basmati rice,rice noodles, cooked basmati rice, dried rice noodles, cooked brown rice, minute rice,jasmine rice,cooked wild rice,wild rice, uncooked rice, wide rice noodles, rice flour,white rice, rice noodles,brown rice flour, long grain brown rice, seasoned rice wine vinegar, long-grain white rice, arborio rice,long-grain white rice, parboiled rice, rice krispies, instant brown rice,brown rice,rice vinegar, rice powder, powdered rice root, spanish rice, cooked jasmine rice, rice paper sheets, rice milk, short-grain rice, converted white rice,cooked rice,long grain white rice,long grain rice, quick-cooking brown rice, long-grain minute rice, round rice paper sheets, rice bran oil,rice vermicelli, flat rice noodles, medium-grain white rice, sweet potatoes, potatoes, russet potatoes, red potatoes,baby red potatoes, baby potatoes,potatoes, boiled potatoes, instant mashed potatoes, baking potatoes, yukon gold potatoes, white potatoes, simply potatoes shredded hash browns, idaho potatoes, new potatoes,sweet potatoes,red potatoes, mashed potatoes,russet potatoes,mashed potatoes, boiling potatoes,new potatoes,idaho potatoes, yellow fin potatoes, small potatoes, simply potatoes traditional mashed potatoes, simply potatoes diced potatoes with onion, raw potatoes, red sweet potatoes, salt, salt and pepper, unsalted butter,salt, salt & freshly ground black pepper,unsalted butter, kosher salt, coarse salt, seasoning salt, sea salt, salted peanuts, salt & pepper,kosher salt, garlic salt, celery salt, kosher salt & freshly ground black pepper, coarse sea salt, no-salt-added corn, salt and black pepper,sea salt,coarse salt, onion salt, salted butter, saltine crackers, unsalted cashews, salt & fresh ground pepper, fine sea salt, table salt, unsalted dry roasted peanuts, unsalted peanuts, ""lawrys seasoned salt"",salt cod fish, black salt, saltines, flaked sea salt, garlic sea salt, iodized salt, unsalted chicken stock, salted almond, no-added-salt tomato paste, saltine, rock salt, salt pork, no-salt-added diced tomatoes, jalapeno seasoning salt, salt-free cream-style corn, no-salt-added whole tomatoes,unsalted dry roasted peanuts, season salt, roasted unsalted peanuts, saltine crumbs, gray salt,salted butter, water, boiling water, seltzer water, hot water, cold water, warm water,warm water, sliced water chestnuts,water, water chestnuts, ice water, tap water, water chestnut,hot water, rose water, watercress,coconut water, bottled water, watermelon,boiling water, water chestnut flour, watercress leaves, solid white tuna packed in water, water-packed artichoke hearts, fresh water, watercress leaf']"
309582,vegetable biryani  south africa,"onions, butter, chili peppers, fresh ginger, garlic cloves, dry lentils, green peas, carrot, green beans, tomatoes, whole cloves, cinnamon sticks, cardamom pods, turmeric, of fresh mint, long-grain white rice, potatoes, salt, hot water, yogurt",stirring,3,"[' new potato, dried chipotle powder, chipotle pepper, sweet potatoes, potatoes, sweet potato, russet potatoes, potato, red potatoes,baby red potatoes, baby potatoes,sweet potato, chipotle chile in adobo,potatoes, chipotle peppers,chipotle chiles in adobo, pureed chipotle chiles, boiled potatoes, instant mashed potatoes, baking potatoes, yukon gold potatoes, white potatoes, potato chips, yukon gold potato, simply potatoes shredded hash browns, chipotle chiles, chipotle chiles in adobo, chipotle chile, instant potato flakes, idaho potatoes, new potatoes, russet potato, boiling potato, ground chipotle chile pepper,new potato, potato starch,sweet potatoes,potato,red potatoes, fingerling potato, mashed potatoes, potato sticks, small potato, potato salad, tabasco brand chipotle pepper sauce,russet potatoes,mashed potatoes, boiling potatoes, dried chipotle chile,new potatoes, white potato,idaho potatoes, frozen potato pierogies,yukon gold potato, yellow fin potatoes, small red potato, small potatoes, reduced-fat potato chips, simply potatoes traditional mashed potatoes, simply potatoes diced potatoes with onion, baking potato, raw potatoes, raw sweet potato, red sweet potatoes, fresh ginger, ginger, ground ginger, candied ginger,fresh ginger, minced ginger, crystallized ginger, ginger paste, ginger powder, gingerroot, fresh gingerroot, ginger-garlic paste, powdered ginger, ginger juice,gingerroot, dried ginger, ginger ale,ginger, gingersnap cookie, pickled ginger, fresh garlic, garlic, garlic clove, garlic cloves, garlic powder, minced garlic cloves, fresh garlic cloves, garlic granules, garlic salt, granulated garlic, chili-garlic sauce, garlic paste,garlic clove, cream cheese with garlic and herbs, bulbs of garlic,garlic, garlic pepper seasoning, chili paste with garlic,garlic cloves, diced tomatoes with basil and garlic, garlic chives, garlic sauce, minced garlic clove, bulb of garlic, roasted garlic, head of garlic, garlic-flavored olive oil, garlic sea salt, garlic juice, garlic bread, garlic seasoning, fresh garlic clove, garlic oil, tomatoes with garlic,garlic powder, garlic and red chile paste,chile sauce with garlic, garlic heads, roasted garlic cloves, garlic-flavored croutons, chili powder, red chili pepper, chili,chili powder, thai sweet chili sauce, chili flakes, green chilies, dried red chili peppers, chili oil, red chili peppers, ancho chilies, guajillo chilies, chili paste, thai red chili pepper, green chili pepper, green chili, dried red chilies, red chili powder, sweet chili sauce, chili pepper, red chili sauce, mild green chilies, chili sauce, chili peppers, diced green chilies, serrano chili, red chili pepper flakes, hot chili paste, anaheim chili, hot chili pepper, red chilies, dried chilies, chilies, ortega green chilies, dried red chili, dark chili powder, sambal chili paste, serrano chilies, diced tomatoes with mild green chilies, chili pepper flakes, hot chili oil, red chili paste, fresh chili peppers, sambal oelek chili paste, dried chili pepper flakes,dried chilies, chili-style ground beef, mild chili powder, anaheim chilies, diced tomatoes with green chilies, mexican chili powder, chili beans, hot chili powder, diced green chilis, ancho chili, hot green chili peppers, hot red chili peppers, fresh green chilies, whole green chilies, rotel tomatoes & chilies, dried chili, fresh chili pepper, szechwan chili sauce, thai green chili, pinto beans in chili sauce, green chili peppers,dried red chilies,ancho chili,ancho chilies,dried hot red chili peppers, chili hot beans, hot green chili pepper, chinese chili sauce,guajillo chilies, tomatoes and green chilies, hot chili sauce, new mexico green chilies, thai red chili peppers, serrano chili peppers,red chilies, tomato paste,tomato paste, curry paste, tahini paste, tamarind paste, mild curry paste, guava paste, hot pepper paste, red curry paste, onion paste, almond paste, poppy seed paste, sesame paste, thai curry paste, thai red curry paste,tamarind paste, shrimp paste, hot bean paste, wasabi paste, lemongrass paste, contadina tomato paste, tandoori paste, green curry paste, concentrated tomato paste, anchovy paste, hunts tomato paste, no-added-salt tomato paste, laksa paste, dried shrimp paste, vanilla bean paste, korean red pepper paste']"
309582,vegetable biryani  south africa,"onions, butter, chili peppers, fresh ginger, garlic cloves, dry lentils, green peas, carrot, green beans, tomatoes, whole cloves, cinnamon sticks, cardamom pods, turmeric, of fresh mint, long-grain white rice, potatoes, salt, hot water, yogurt",reduce,5,"[' buckwheat flour, whole wheat flour,whole wheat flour, wheat germ,buckwheat flour, bulgur wheat, whole wheat bread crumbs, whole wheat hamburger buns, wheat, whole wheat pasta, whole wheat angel hair pasta, whole wheat bread,whole wheat tortillas, wheat flour,wheat berries, whole wheat crackers,whole wheat macaroni, whole grain wheat flour,wheat flour, bulgar wheat,whole wheat pita bread, whole wheat penne, whole wheat lasagna noodles, white whole wheat flour, whole wheat pastry flour, wheat bran, whole wheat breadcrumbs, whole wheat spaghetti, whole wheat couscous, buckwheat groats, whole wheat pita bread, stone ground whole wheat flour, cooked chicken breasts, cooked wild rice, cooking spray, cooked rice, cooked chicken,cooking spray, cooked shrimp, nonstick cooking spray, cooking oil, cooked white rice,nonstick cooking spray, cooked long-grain rice, cooked pasta,cooked chicken, tart cooking apples,cooked brown rice, pam cooking spray, olive oil flavored cooking spray, cooked couscous, cooked turkey breast, cooked chicken breast, hard-cooked egg, quick-cooking tapioca, rotisserie-cooked chicken,olive oil flavored cooking spray, cooked ditalini, cooked basmati rice, cooked brown rice, quick-cooking rolled oats,cooked wild rice, uncooked rice, cooked spaghetti, cooked bacon,vegetable oil cooking spray, light vegetable oil cooking spray,cooked bacon, quick-cooking oats,canola oil cooking spray, cooked chicken breast halves,cooking oil, cooked small shell pasta, cooked italian sausage, cooked elbow macaroni, quick-cooking oatmeal, cooked ham, cooked turkey, vegetable oil cooking spray, quick-cooking barley,cooked shrimp, quick-cooking couscous, cooked jasmine rice,rotisserie-cooked chicken, crisco cooking oil, gingersnap cookie, cooked noodles, canola oil cooking spray, cooking sherry,cooked turkey,cooked rice, quick-cooking brown rice, cooking onion, cooked egg noodles, cooked beef, miniature oreo cookie, low-fat buttermilk, butter, unsalted butter,unsalted butter,butter, buttermilk, peanut butter, natural-style peanut butter, reduced-fat creamy peanut butter, coconut butter, clarified butter,butternut squash, smooth cashew butter, smooth peanut butter, butternut squash,peanut butter, butter flavor shortening, salted butter, sweet butter, butter lettuce leaves, chunky peanut butter,buttermilk, light butter, butter flavored crackers, peanut butter chips, dry buttermilk, pillsbury grands refrigerated buttermilk biscuits, butter beans,clarified butter, whipped butter, butter lettuce leaf, creamy peanut butter, almond butter, skim milk buttermilk, butter buds, butternut pumpkin, prune butter, apple butter, crunchy peanut butter,butterhead lettuce,buttery crackers, butter toffee peanuts,salted butter, bacon bits, pineapple tidbits, bittersweet chocolate, hormel real bacon bits, angostura bitters, canola oil, peanut oil, olive oil, vegetable oil,olive oil, extra virgin olive oil, boiling water, sesame oil,peanut oil, palm oil,canola oil, sunflower oil,light olive oil, oil, hard-boiled egg, chili oil, toasted sesame oil, light vegetable oil,oil, rapeseed oil,crab boil seasoning, hard-boiled eggs, sesame seed oil,safflower oil, boiled ham, salad oil, boiled potatoes,vegetable oil, crab boil seasoning, crab boil, coconut oil,extra virgin olive oil, dark sesame oil, corn oil,sesame oil, light olive oil, sun-dried tomato packed in oil,grapeseed oil, hardboiled egg, hot chili oil,no-boil lasagna noodles,coconut oil, safflower oil, orange oil, boiling potato, fire oil, grapeseed oil, virgin olive oil,reynolds wrap foil,boiling water, sun-dried tomatoes packed in oil, reynolds wrap foil, garlic-flavored olive oil, lite olive oil, olive oil mayonnaise, parboiled rice, walnut oil, white truffle oil, pure olive oil,hard-boiled eggs, boiling potatoes, annatto oil, no-boil lasagna noodles, oil-and-vinegar dressing,corn oil, oriental sesame oil, truffle oil, mustard oil, frying oil, garlic oil, szechuan oil,london broil beef, rice bran oil, soya oil, light sesame oil,broiler-fryer chickens']"
309582,vegetable biryani  south africa,"onions, butter, chili peppers, fresh ginger, garlic cloves, dry lentils, green peas, carrot, green beans, tomatoes, whole cloves, cinnamon sticks, cardamom pods, turmeric, of fresh mint, long-grain white rice, potatoes, salt, hot water, yogurt",adding,5,"[' buckwheat flour, whole wheat flour,whole wheat flour, wheat germ,buckwheat flour, bulgur wheat, whole wheat bread crumbs, whole wheat hamburger buns, wheat, whole wheat pasta, whole wheat angel hair pasta, whole wheat bread,whole wheat tortillas, wheat flour,wheat berries, whole wheat crackers,whole wheat macaroni, whole grain wheat flour,wheat flour, bulgar wheat,whole wheat pita bread, whole wheat penne, whole wheat lasagna noodles, white whole wheat flour, whole wheat pastry flour, wheat bran, whole wheat breadcrumbs, whole wheat spaghetti, whole wheat couscous, buckwheat groats, whole wheat pita bread, stone ground whole wheat flour, cooked chicken breasts, cooked wild rice, cooking spray, cooked rice, cooked chicken,cooking spray, cooked shrimp, nonstick cooking spray, cooking oil, cooked white rice,nonstick cooking spray, cooked long-grain rice, cooked pasta,cooked chicken, tart cooking apples,cooked brown rice, pam cooking spray, olive oil flavored cooking spray, cooked couscous, cooked turkey breast, cooked chicken breast, hard-cooked egg, quick-cooking tapioca, rotisserie-cooked chicken,olive oil flavored cooking spray, cooked ditalini, cooked basmati rice, cooked brown rice, quick-cooking rolled oats,cooked wild rice, uncooked rice, cooked spaghetti, cooked bacon,vegetable oil cooking spray, light vegetable oil cooking spray,cooked bacon, quick-cooking oats,canola oil cooking spray, cooked chicken breast halves,cooking oil, cooked small shell pasta, cooked italian sausage, cooked elbow macaroni, quick-cooking oatmeal, cooked ham, cooked turkey, vegetable oil cooking spray, quick-cooking barley,cooked shrimp, quick-cooking couscous, cooked jasmine rice,rotisserie-cooked chicken, crisco cooking oil, gingersnap cookie, cooked noodles, canola oil cooking spray, cooking sherry,cooked turkey,cooked rice, quick-cooking brown rice, cooking onion, cooked egg noodles, cooked beef, miniature oreo cookie, low-fat buttermilk, butter, unsalted butter,unsalted butter,butter, buttermilk, peanut butter, natural-style peanut butter, reduced-fat creamy peanut butter, coconut butter, clarified butter,butternut squash, smooth cashew butter, smooth peanut butter, butternut squash,peanut butter, butter flavor shortening, salted butter, sweet butter, butter lettuce leaves, chunky peanut butter,buttermilk, light butter, butter flavored crackers, peanut butter chips, dry buttermilk, pillsbury grands refrigerated buttermilk biscuits, butter beans,clarified butter, whipped butter, butter lettuce leaf, creamy peanut butter, almond butter, skim milk buttermilk, butter buds, butternut pumpkin, prune butter, apple butter, crunchy peanut butter,butterhead lettuce,buttery crackers, butter toffee peanuts,salted butter, bacon bits, pineapple tidbits, bittersweet chocolate, hormel real bacon bits, angostura bitters, canola oil, peanut oil, olive oil, vegetable oil,olive oil, extra virgin olive oil, boiling water, sesame oil,peanut oil, palm oil,canola oil, sunflower oil,light olive oil, oil, hard-boiled egg, chili oil, toasted sesame oil, light vegetable oil,oil, rapeseed oil,crab boil seasoning, hard-boiled eggs, sesame seed oil,safflower oil, boiled ham, salad oil, boiled potatoes,vegetable oil, crab boil seasoning, crab boil, coconut oil,extra virgin olive oil, dark sesame oil, corn oil,sesame oil, light olive oil, sun-dried tomato packed in oil,grapeseed oil, hardboiled egg, hot chili oil,no-boil lasagna noodles,coconut oil, safflower oil, orange oil, boiling potato, fire oil, grapeseed oil, virgin olive oil,reynolds wrap foil,boiling water, sun-dried tomatoes packed in oil, reynolds wrap foil, garlic-flavored olive oil, lite olive oil, olive oil mayonnaise, parboiled rice, walnut oil, white truffle oil, pure olive oil,hard-boiled eggs, boiling potatoes, annatto oil, no-boil lasagna noodles, oil-and-vinegar dressing,corn oil, oriental sesame oil, truffle oil, mustard oil, frying oil, garlic oil, szechuan oil,london broil beef, rice bran oil, soya oil, light sesame oil,broiler-fryer chickens']"
309582,vegetable biryani  south africa,"onions, butter, chili peppers, fresh ginger, garlic cloves, dry lentils, green peas, carrot, green beans, tomatoes, whole cloves, cinnamon sticks, cardamom pods, turmeric, of fresh mint, long-grain white rice, potatoes, salt, hot water, yogurt",needed,5,"[' buckwheat flour, whole wheat flour,whole wheat flour, wheat germ,buckwheat flour, bulgur wheat, whole wheat bread crumbs, whole wheat hamburger buns, wheat, whole wheat pasta, whole wheat angel hair pasta, whole wheat bread,whole wheat tortillas, wheat flour,wheat berries, whole wheat crackers,whole wheat macaroni, whole grain wheat flour,wheat flour, bulgar wheat,whole wheat pita bread, whole wheat penne, whole wheat lasagna noodles, white whole wheat flour, whole wheat pastry flour, wheat bran, whole wheat breadcrumbs, whole wheat spaghetti, whole wheat couscous, buckwheat groats, whole wheat pita bread, stone ground whole wheat flour, cooked chicken breasts, cooked wild rice, cooking spray, cooked rice, cooked chicken,cooking spray, cooked shrimp, nonstick cooking spray, cooking oil, cooked white rice,nonstick cooking spray, cooked long-grain rice, cooked pasta,cooked chicken, tart cooking apples,cooked brown rice, pam cooking spray, olive oil flavored cooking spray, cooked couscous, cooked turkey breast, cooked chicken breast, hard-cooked egg, quick-cooking tapioca, rotisserie-cooked chicken,olive oil flavored cooking spray, cooked ditalini, cooked basmati rice, cooked brown rice, quick-cooking rolled oats,cooked wild rice, uncooked rice, cooked spaghetti, cooked bacon,vegetable oil cooking spray, light vegetable oil cooking spray,cooked bacon, quick-cooking oats,canola oil cooking spray, cooked chicken breast halves,cooking oil, cooked small shell pasta, cooked italian sausage, cooked elbow macaroni, quick-cooking oatmeal, cooked ham, cooked turkey, vegetable oil cooking spray, quick-cooking barley,cooked shrimp, quick-cooking couscous, cooked jasmine rice,rotisserie-cooked chicken, crisco cooking oil, gingersnap cookie, cooked noodles, canola oil cooking spray, cooking sherry,cooked turkey,cooked rice, quick-cooking brown rice, cooking onion, cooked egg noodles, cooked beef, miniature oreo cookie, low-fat buttermilk, butter, unsalted butter,unsalted butter,butter, buttermilk, peanut butter, natural-style peanut butter, reduced-fat creamy peanut butter, coconut butter, clarified butter,butternut squash, smooth cashew butter, smooth peanut butter, butternut squash,peanut butter, butter flavor shortening, salted butter, sweet butter, butter lettuce leaves, chunky peanut butter,buttermilk, light butter, butter flavored crackers, peanut butter chips, dry buttermilk, pillsbury grands refrigerated buttermilk biscuits, butter beans,clarified butter, whipped butter, butter lettuce leaf, creamy peanut butter, almond butter, skim milk buttermilk, butter buds, butternut pumpkin, prune butter, apple butter, crunchy peanut butter,butterhead lettuce,buttery crackers, butter toffee peanuts,salted butter, bacon bits, pineapple tidbits, bittersweet chocolate, hormel real bacon bits, angostura bitters, canola oil, peanut oil, olive oil, vegetable oil,olive oil, extra virgin olive oil, boiling water, sesame oil,peanut oil, palm oil,canola oil, sunflower oil,light olive oil, oil, hard-boiled egg, chili oil, toasted sesame oil, light vegetable oil,oil, rapeseed oil,crab boil seasoning, hard-boiled eggs, sesame seed oil,safflower oil, boiled ham, salad oil, boiled potatoes,vegetable oil, crab boil seasoning, crab boil, coconut oil,extra virgin olive oil, dark sesame oil, corn oil,sesame oil, light olive oil, sun-dried tomato packed in oil,grapeseed oil, hardboiled egg, hot chili oil,no-boil lasagna noodles,coconut oil, safflower oil, orange oil, boiling potato, fire oil, grapeseed oil, virgin olive oil,reynolds wrap foil,boiling water, sun-dried tomatoes packed in oil, reynolds wrap foil, garlic-flavored olive oil, lite olive oil, olive oil mayonnaise, parboiled rice, walnut oil, white truffle oil, pure olive oil,hard-boiled eggs, boiling potatoes, annatto oil, no-boil lasagna noodles, oil-and-vinegar dressing,corn oil, oriental sesame oil, truffle oil, mustard oil, frying oil, garlic oil, szechuan oil,london broil beef, rice bran oil, soya oil, light sesame oil,broiler-fryer chickens']"
309582,vegetable biryani  south africa,"onions, butter, chili peppers, fresh ginger, garlic cloves, dry lentils, green peas, carrot, green beans, tomatoes, whole cloves, cinnamon sticks, cardamom pods, turmeric, of fresh mint, long-grain white rice, potatoes, salt, hot water, yogurt",stir,6,"[' tomatoes, crushed tomatoes, crushed tomatoes in puree, roma tomatoes, whole tomatoes, cherry tomatoes, diced tomatoes, diced tomatoes with juice, chopped tomatoes,tomatoes, grape tomatoes, sun-dried tomatoes, plum tomatoes, canned tomatoes, italian-style diced tomatoes, fresh tomatoes, canned stewed tomatoes, italian-style tomatoes, whole canned tomatoes, stewed tomatoes, tomatoes with juice, rotel tomatoes,roma tomatoes, diced tomatoes with basil and garlic, ro-tel tomatoes,green tomatoes, diced tomatoes with mild green chilies, italian plum tomatoes, fire-roasted tomatoes, diced tomatoes with green chilies, yellow cherry tomatoes,crushed tomatoes, green tomatoes, italian tomatoes, sun-dried tomatoes packed in oil, san marzano tomatoes, green cherry tomatoes, rotel tomatoes & chilies, canned plum tomatoes,diced tomatoes, diced tomatoes in tomato puree, tomatoes with jalapeno peppers,chopped tomatoes,sun-dried tomatoes, no-salt-added diced tomatoes, heirloom tomatoes, tomatoes with garlic, tomatoes and green chilies, no-salt-added whole tomatoes, diced tomatoes with jalapenos, beefsteak tomatoes, rotel diced tomatoes, diced fire-roasted tomatoes, yellow tomatoes, pickling spices, cajun spices, spices, italian spices, of fresh mint, mint leaves, fresh mint leaves, dried mint, spearmint candy leaf, mint, mint leaf, fresh spearmint, mint sprig,mint leaf, mint sprigs, mint sauce']"
309582,vegetable biryani  south africa,"onions, butter, chili peppers, fresh ginger, garlic cloves, dry lentils, green peas, carrot, green beans, tomatoes, whole cloves, cinnamon sticks, cardamom pods, turmeric, of fresh mint, long-grain white rice, potatoes, salt, hot water, yogurt",pour,7,"[' lettuce cup, water, boiling water, seltzer water, hot water, cold water, warm water,warm water, sliced water chestnuts,water, water chestnuts, ice water, tap water, water chestnut,hot water, rose water, watercress,coconut water, bottled water, watermelon,boiling water, water chestnut flour, watercress leaves, solid white tuna packed in water, water-packed artichoke hearts, fresh water, watercress leaf, assorted fresh vegetables, mixed vegetables, dehydrated mixed vegetables, frozen mixed vegetables, vegetables,vegetables']"
309582,vegetable biryani  south africa,"onions, butter, chili peppers, fresh ginger, garlic cloves, dry lentils, green peas, carrot, green beans, tomatoes, whole cloves, cinnamon sticks, cardamom pods, turmeric, of fresh mint, long-grain white rice, potatoes, salt, hot water, yogurt",cover,7,"[' lettuce cup, water, boiling water, seltzer water, hot water, cold water, warm water,warm water, sliced water chestnuts,water, water chestnuts, ice water, tap water, water chestnut,hot water, rose water, watercress,coconut water, bottled water, watermelon,boiling water, water chestnut flour, watercress leaves, solid white tuna packed in water, water-packed artichoke hearts, fresh water, watercress leaf, assorted fresh vegetables, mixed vegetables, dehydrated mixed vegetables, frozen mixed vegetables, vegetables,vegetables']"
309582,vegetable biryani  south africa,"onions, butter, chili peppers, fresh ginger, garlic cloves, dry lentils, green peas, carrot, green beans, tomatoes, whole cloves, cinnamon sticks, cardamom pods, turmeric, of fresh mint, long-grain white rice, potatoes, salt, hot water, yogurt",simmer,7,"[' lettuce cup, water, boiling water, seltzer water, hot water, cold water, warm water,warm water, sliced water chestnuts,water, water chestnuts, ice water, tap water, water chestnut,hot water, rose water, watercress,coconut water, bottled water, watermelon,boiling water, water chestnut flour, watercress leaves, solid white tuna packed in water, water-packed artichoke hearts, fresh water, watercress leaf, assorted fresh vegetables, mixed vegetables, dehydrated mixed vegetables, frozen mixed vegetables, vegetables,vegetables']"
309582,vegetable biryani  south africa,"onions, butter, chili peppers, fresh ginger, garlic cloves, dry lentils, green peas, carrot, green beans, tomatoes, whole cloves, cinnamon sticks, cardamom pods, turmeric, of fresh mint, long-grain white rice, potatoes, salt, hot water, yogurt",cooked,7,"[' lettuce cup, water, boiling water, seltzer water, hot water, cold water, warm water,warm water, sliced water chestnuts,water, water chestnuts, ice water, tap water, water chestnut,hot water, rose water, watercress,coconut water, bottled water, watermelon,boiling water, water chestnut flour, watercress leaves, solid white tuna packed in water, water-packed artichoke hearts, fresh water, watercress leaf, assorted fresh vegetables, mixed vegetables, dehydrated mixed vegetables, frozen mixed vegetables, vegetables,vegetables']"
309582,vegetable biryani  south africa,"onions, butter, chili peppers, fresh ginger, garlic cloves, dry lentils, green peas, carrot, green beans, tomatoes, whole cloves, cinnamon sticks, cardamom pods, turmeric, of fresh mint, long-grain white rice, potatoes, salt, hot water, yogurt",cook,9,"[' long-grain rice, rice, basmati rice, cooked wild rice, brown basmati rice, cooked rice, rice wine, brown rice, long grain white rice, rice vinegar, rice sticks, rice wine vinegar, cooked white rice, jasmine rice, cooked long-grain rice,rice wine vinegar, long grain rice, steamed rice, converted rice, rice vermicelli,cooked brown rice, white rice, wild rice,rice, instant rice, seasoned rice vinegar,basmati rice,rice noodles, cooked basmati rice, dried rice noodles, cooked brown rice, minute rice,jasmine rice,cooked wild rice,wild rice, uncooked rice, wide rice noodles, rice flour,white rice, rice noodles,brown rice flour, long grain brown rice, seasoned rice wine vinegar, long-grain white rice, arborio rice,long-grain white rice, parboiled rice, rice krispies, instant brown rice,brown rice,rice vinegar, rice powder, powdered rice root, spanish rice, cooked jasmine rice, rice paper sheets, rice milk, short-grain rice, converted white rice,cooked rice,long grain white rice,long grain rice, quick-cooking brown rice, long-grain minute rice, round rice paper sheets, rice bran oil,rice vermicelli, flat rice noodles, medium-grain white rice, water, boiling water, seltzer water, hot water, cold water, warm water,warm water, sliced water chestnuts,water, water chestnuts, ice water, tap water, water chestnut,hot water, rose water, watercress,coconut water, bottled water, watermelon,boiling water, water chestnut flour, watercress leaves, solid white tuna packed in water, water-packed artichoke hearts, fresh water, watercress leaf']"
309582,vegetable biryani  south africa,"onions, butter, chili peppers, fresh ginger, garlic cloves, dry lentils, green peas, carrot, green beans, tomatoes, whole cloves, cinnamon sticks, cardamom pods, turmeric, of fresh mint, long-grain white rice, potatoes, salt, hot water, yogurt",done,9,"[' long-grain rice, rice, basmati rice, cooked wild rice, brown basmati rice, cooked rice, rice wine, brown rice, long grain white rice, rice vinegar, rice sticks, rice wine vinegar, cooked white rice, jasmine rice, cooked long-grain rice,rice wine vinegar, long grain rice, steamed rice, converted rice, rice vermicelli,cooked brown rice, white rice, wild rice,rice, instant rice, seasoned rice vinegar,basmati rice,rice noodles, cooked basmati rice, dried rice noodles, cooked brown rice, minute rice,jasmine rice,cooked wild rice,wild rice, uncooked rice, wide rice noodles, rice flour,white rice, rice noodles,brown rice flour, long grain brown rice, seasoned rice wine vinegar, long-grain white rice, arborio rice,long-grain white rice, parboiled rice, rice krispies, instant brown rice,brown rice,rice vinegar, rice powder, powdered rice root, spanish rice, cooked jasmine rice, rice paper sheets, rice milk, short-grain rice, converted white rice,cooked rice,long grain white rice,long grain rice, quick-cooking brown rice, long-grain minute rice, round rice paper sheets, rice bran oil,rice vermicelli, flat rice noodles, medium-grain white rice, water, boiling water, seltzer water, hot water, cold water, warm water,warm water, sliced water chestnuts,water, water chestnuts, ice water, tap water, water chestnut,hot water, rose water, watercress,coconut water, bottled water, watermelon,boiling water, water chestnut flour, watercress leaves, solid white tuna packed in water, water-packed artichoke hearts, fresh water, watercress leaf']"
309582,vegetable biryani  south africa,"onions, butter, chili peppers, fresh ginger, garlic cloves, dry lentils, green peas, carrot, green beans, tomatoes, whole cloves, cinnamon sticks, cardamom pods, turmeric, of fresh mint, long-grain white rice, potatoes, salt, hot water, yogurt",absorbed,9,"[' long-grain rice, rice, basmati rice, cooked wild rice, brown basmati rice, cooked rice, rice wine, brown rice, long grain white rice, rice vinegar, rice sticks, rice wine vinegar, cooked white rice, jasmine rice, cooked long-grain rice,rice wine vinegar, long grain rice, steamed rice, converted rice, rice vermicelli,cooked brown rice, white rice, wild rice,rice, instant rice, seasoned rice vinegar,basmati rice,rice noodles, cooked basmati rice, dried rice noodles, cooked brown rice, minute rice,jasmine rice,cooked wild rice,wild rice, uncooked rice, wide rice noodles, rice flour,white rice, rice noodles,brown rice flour, long grain brown rice, seasoned rice wine vinegar, long-grain white rice, arborio rice,long-grain white rice, parboiled rice, rice krispies, instant brown rice,brown rice,rice vinegar, rice powder, powdered rice root, spanish rice, cooked jasmine rice, rice paper sheets, rice milk, short-grain rice, converted white rice,cooked rice,long grain white rice,long grain rice, quick-cooking brown rice, long-grain minute rice, round rice paper sheets, rice bran oil,rice vermicelli, flat rice noodles, medium-grain white rice, water, boiling water, seltzer water, hot water, cold water, warm water,warm water, sliced water chestnuts,water, water chestnuts, ice water, tap water, water chestnut,hot water, rose water, watercress,coconut water, bottled water, watermelon,boiling water, water chestnut flour, watercress leaves, solid white tuna packed in water, water-packed artichoke hearts, fresh water, watercress leaf']"
309582,vegetable biryani  south africa,"onions, butter, chili peppers, fresh ginger, garlic cloves, dry lentils, green peas, carrot, green beans, tomatoes, whole cloves, cinnamon sticks, cardamom pods, turmeric, of fresh mint, long-grain white rice, potatoes, salt, hot water, yogurt",serve,10,"[' yellow onion, onion,onion, onion flakes, red onion, dehydrated onion, onion powder, sweet onions, red onions, diced onion, brown onions, onions,yellow onions, sweet onion, yellow onions, green onions, white onions, green onion, white onion,yellow onion, granulated onion, spanish onion, yellow sweet onion, spring onions, dried onion,onions, dried onion flakes, white pearl onions, diced onions, ""frenchs french fried onions"", spring onion, onion rings, frozen pearl onions, onion salt, onion paste, french-fried onions, green onion top, green onions with top, purple onion, onion tops,spanish onion,vidalia onion, vidalia onion,onion powder, onion seeds, baby onions, frozen small whole onions, brown onion, vidalia onions,green onions, caramelized onion, onion soup mix,red onion,diced onions, green onion tops,dry onion soup mix, instant minced onion, fried onions, baby onion, fresh onion, cocktail onion, green onions with tops, simply potatoes diced potatoes with onion, maui onions, texas sweet onions, cooking onion, sweet white onion, fresh onions, pepperoni slices, cheese slices, dill pickle slices, lemon slices, lime slices, peach slices, ham slices, canned jalapeno slices, peach slices in heavy syrup,pineapple slices in syrup, plain yogurt, greek yogurt, nonfat plain yogurt, low-fat plain yogurt, plain fat-free yogurt, yogurt, low-fat yogurt, plain low-fat yogurt, plain nonfat yogurt, nonfat yogurt, nonfat vanilla yogurt,plain nonfat yogurt,plain yogurt,plain low-fat yogurt, goat milk yogurt, low-fat greek yogurt,greek yogurt, fat free greek yogurt, unsweetened plain yogurt,soy yogurt, soy sauce, tomato sauce, a.1. original sauce, worcestershire sauce, adobo sauce, spaghetti sauce, thai sweet chili sauce, sriracha sauce, tabasco sauce, picante sauce, pesto sauce, tamari soy sauce, applesauce, hot sauce,spaghetti sauce, hot pepper sauce, hoisin sauce, oyster sauce, reduced sodium soy sauce, low sodium soy sauce, chili-garlic sauce, fish sauce, sweet chili sauce, teriyaki sauce, dark soy sauce, barbecue sauce, soya sauce, red chili sauce, chili sauce,hoisin sauce, sweet soy sauce, vegetarian oyster sauce, light soy sauce, pizza sauce, cranberry sauce, horseradish sauce, ""franks red hot sauce"", remoulade sauce, liquid hot pepper sauce, pasta sauce, sweet and sour sauce,soya sauce, spaghetti sauce with meat, hollandaise sauce mix, louisiana hot sauce, garlic sauce, green enchilada sauce,soy sauce, red enchilada sauce, pickapeppa sauce, bearnaise sauce mix, seafood cocktail sauce, dark soya sauce, alfredo sauce, cayenne pepper sauce, maggi seasoning sauce, unsweetened applesauce, thai fish sauce,reduced sodium soy sauce, steak sauce,light soy sauce, browning sauce, plum sauce, hunts tomato sauce, tomato and basil pasta sauce, marinara sauce, pork and beans in tomato sauce, three-cheese pasta sauce, ponzu sauce, habanero sauce, ragu tomato sauce, peanut sauce, tabasco brand chipotle pepper sauce, brown bean sauce, szechwan chili sauce, lea & perrins worcestershire sauce,teriyaki sauce, hot red pepper sauce, pinto beans in chili sauce, rag pasta sauce, chinese chili sauce,pesto sauce, curry sauce, bechamel sauce, mint sauce, canned tomato sauce,tomato sauce, yellow bean sauce,fish sauce, caramel sauce, hot chili sauce,chile sauce with garlic, white wine worcestershire sauce, black bean sauce']"
309582,vegetable biryani  south africa,"onions, butter, chili peppers, fresh ginger, garlic cloves, dry lentils, green peas, carrot, green beans, tomatoes, whole cloves, cinnamon sticks, cardamom pods, turmeric, of fresh mint, long-grain white rice, potatoes, salt, hot water, yogurt",garnish,10,"[' yellow onion, onion,onion, onion flakes, red onion, dehydrated onion, onion powder, sweet onions, red onions, diced onion, brown onions, onions,yellow onions, sweet onion, yellow onions, green onions, white onions, green onion, white onion,yellow onion, granulated onion, spanish onion, yellow sweet onion, spring onions, dried onion,onions, dried onion flakes, white pearl onions, diced onions, ""frenchs french fried onions"", spring onion, onion rings, frozen pearl onions, onion salt, onion paste, french-fried onions, green onion top, green onions with top, purple onion, onion tops,spanish onion,vidalia onion, vidalia onion,onion powder, onion seeds, baby onions, frozen small whole onions, brown onion, vidalia onions,green onions, caramelized onion, onion soup mix,red onion,diced onions, green onion tops,dry onion soup mix, instant minced onion, fried onions, baby onion, fresh onion, cocktail onion, green onions with tops, simply potatoes diced potatoes with onion, maui onions, texas sweet onions, cooking onion, sweet white onion, fresh onions, pepperoni slices, cheese slices, dill pickle slices, lemon slices, lime slices, peach slices, ham slices, canned jalapeno slices, peach slices in heavy syrup,pineapple slices in syrup, plain yogurt, greek yogurt, nonfat plain yogurt, low-fat plain yogurt, plain fat-free yogurt, yogurt, low-fat yogurt, plain low-fat yogurt, plain nonfat yogurt, nonfat yogurt, nonfat vanilla yogurt,plain nonfat yogurt,plain yogurt,plain low-fat yogurt, goat milk yogurt, low-fat greek yogurt,greek yogurt, fat free greek yogurt, unsweetened plain yogurt,soy yogurt, soy sauce, tomato sauce, a.1. original sauce, worcestershire sauce, adobo sauce, spaghetti sauce, thai sweet chili sauce, sriracha sauce, tabasco sauce, picante sauce, pesto sauce, tamari soy sauce, applesauce, hot sauce,spaghetti sauce, hot pepper sauce, hoisin sauce, oyster sauce, reduced sodium soy sauce, low sodium soy sauce, chili-garlic sauce, fish sauce, sweet chili sauce, teriyaki sauce, dark soy sauce, barbecue sauce, soya sauce, red chili sauce, chili sauce,hoisin sauce, sweet soy sauce, vegetarian oyster sauce, light soy sauce, pizza sauce, cranberry sauce, horseradish sauce, ""franks red hot sauce"", remoulade sauce, liquid hot pepper sauce, pasta sauce, sweet and sour sauce,soya sauce, spaghetti sauce with meat, hollandaise sauce mix, louisiana hot sauce, garlic sauce, green enchilada sauce,soy sauce, red enchilada sauce, pickapeppa sauce, bearnaise sauce mix, seafood cocktail sauce, dark soya sauce, alfredo sauce, cayenne pepper sauce, maggi seasoning sauce, unsweetened applesauce, thai fish sauce,reduced sodium soy sauce, steak sauce,light soy sauce, browning sauce, plum sauce, hunts tomato sauce, tomato and basil pasta sauce, marinara sauce, pork and beans in tomato sauce, three-cheese pasta sauce, ponzu sauce, habanero sauce, ragu tomato sauce, peanut sauce, tabasco brand chipotle pepper sauce, brown bean sauce, szechwan chili sauce, lea & perrins worcestershire sauce,teriyaki sauce, hot red pepper sauce, pinto beans in chili sauce, rag pasta sauce, chinese chili sauce,pesto sauce, curry sauce, bechamel sauce, mint sauce, canned tomato sauce,tomato sauce, yellow bean sauce,fish sauce, caramel sauce, hot chili sauce,chile sauce with garlic, white wine worcestershire sauce, black bean sauce']"
309582,vegetable biryani  south africa,"onions, butter, chili peppers, fresh ginger, garlic cloves, dry lentils, green peas, carrot, green beans, tomatoes, whole cloves, cinnamon sticks, cardamom pods, turmeric, of fresh mint, long-grain white rice, potatoes, salt, hot water, yogurt",reserved,10,"[' yellow onion, onion,onion, onion flakes, red onion, dehydrated onion, onion powder, sweet onions, red onions, diced onion, brown onions, onions,yellow onions, sweet onion, yellow onions, green onions, white onions, green onion, white onion,yellow onion, granulated onion, spanish onion, yellow sweet onion, spring onions, dried onion,onions, dried onion flakes, white pearl onions, diced onions, ""frenchs french fried onions"", spring onion, onion rings, frozen pearl onions, onion salt, onion paste, french-fried onions, green onion top, green onions with top, purple onion, onion tops,spanish onion,vidalia onion, vidalia onion,onion powder, onion seeds, baby onions, frozen small whole onions, brown onion, vidalia onions,green onions, caramelized onion, onion soup mix,red onion,diced onions, green onion tops,dry onion soup mix, instant minced onion, fried onions, baby onion, fresh onion, cocktail onion, green onions with tops, simply potatoes diced potatoes with onion, maui onions, texas sweet onions, cooking onion, sweet white onion, fresh onions, pepperoni slices, cheese slices, dill pickle slices, lemon slices, lime slices, peach slices, ham slices, canned jalapeno slices, peach slices in heavy syrup,pineapple slices in syrup, plain yogurt, greek yogurt, nonfat plain yogurt, low-fat plain yogurt, plain fat-free yogurt, yogurt, low-fat yogurt, plain low-fat yogurt, plain nonfat yogurt, nonfat yogurt, nonfat vanilla yogurt,plain nonfat yogurt,plain yogurt,plain low-fat yogurt, goat milk yogurt, low-fat greek yogurt,greek yogurt, fat free greek yogurt, unsweetened plain yogurt,soy yogurt, soy sauce, tomato sauce, a.1. original sauce, worcestershire sauce, adobo sauce, spaghetti sauce, thai sweet chili sauce, sriracha sauce, tabasco sauce, picante sauce, pesto sauce, tamari soy sauce, applesauce, hot sauce,spaghetti sauce, hot pepper sauce, hoisin sauce, oyster sauce, reduced sodium soy sauce, low sodium soy sauce, chili-garlic sauce, fish sauce, sweet chili sauce, teriyaki sauce, dark soy sauce, barbecue sauce, soya sauce, red chili sauce, chili sauce,hoisin sauce, sweet soy sauce, vegetarian oyster sauce, light soy sauce, pizza sauce, cranberry sauce, horseradish sauce, ""franks red hot sauce"", remoulade sauce, liquid hot pepper sauce, pasta sauce, sweet and sour sauce,soya sauce, spaghetti sauce with meat, hollandaise sauce mix, louisiana hot sauce, garlic sauce, green enchilada sauce,soy sauce, red enchilada sauce, pickapeppa sauce, bearnaise sauce mix, seafood cocktail sauce, dark soya sauce, alfredo sauce, cayenne pepper sauce, maggi seasoning sauce, unsweetened applesauce, thai fish sauce,reduced sodium soy sauce, steak sauce,light soy sauce, browning sauce, plum sauce, hunts tomato sauce, tomato and basil pasta sauce, marinara sauce, pork and beans in tomato sauce, three-cheese pasta sauce, ponzu sauce, habanero sauce, ragu tomato sauce, peanut sauce, tabasco brand chipotle pepper sauce, brown bean sauce, szechwan chili sauce, lea & perrins worcestershire sauce,teriyaki sauce, hot red pepper sauce, pinto beans in chili sauce, rag pasta sauce, chinese chili sauce,pesto sauce, curry sauce, bechamel sauce, mint sauce, canned tomato sauce,tomato sauce, yellow bean sauce,fish sauce, caramel sauce, hot chili sauce,chile sauce with garlic, white wine worcestershire sauce, black bean sauce']"
309582,vegetable biryani  south africa,"onions, butter, chili peppers, fresh ginger, garlic cloves, dry lentils, green peas, carrot, green beans, tomatoes, whole cloves, cinnamon sticks, cardamom pods, turmeric, of fresh mint, long-grain white rice, potatoes, salt, hot water, yogurt",pass,10,"[' yellow onion, onion,onion, onion flakes, red onion, dehydrated onion, onion powder, sweet onions, red onions, diced onion, brown onions, onions,yellow onions, sweet onion, yellow onions, green onions, white onions, green onion, white onion,yellow onion, granulated onion, spanish onion, yellow sweet onion, spring onions, dried onion,onions, dried onion flakes, white pearl onions, diced onions, ""frenchs french fried onions"", spring onion, onion rings, frozen pearl onions, onion salt, onion paste, french-fried onions, green onion top, green onions with top, purple onion, onion tops,spanish onion,vidalia onion, vidalia onion,onion powder, onion seeds, baby onions, frozen small whole onions, brown onion, vidalia onions,green onions, caramelized onion, onion soup mix,red onion,diced onions, green onion tops,dry onion soup mix, instant minced onion, fried onions, baby onion, fresh onion, cocktail onion, green onions with tops, simply potatoes diced potatoes with onion, maui onions, texas sweet onions, cooking onion, sweet white onion, fresh onions, pepperoni slices, cheese slices, dill pickle slices, lemon slices, lime slices, peach slices, ham slices, canned jalapeno slices, peach slices in heavy syrup,pineapple slices in syrup, plain yogurt, greek yogurt, nonfat plain yogurt, low-fat plain yogurt, plain fat-free yogurt, yogurt, low-fat yogurt, plain low-fat yogurt, plain nonfat yogurt, nonfat yogurt, nonfat vanilla yogurt,plain nonfat yogurt,plain yogurt,plain low-fat yogurt, goat milk yogurt, low-fat greek yogurt,greek yogurt, fat free greek yogurt, unsweetened plain yogurt,soy yogurt, soy sauce, tomato sauce, a.1. original sauce, worcestershire sauce, adobo sauce, spaghetti sauce, thai sweet chili sauce, sriracha sauce, tabasco sauce, picante sauce, pesto sauce, tamari soy sauce, applesauce, hot sauce,spaghetti sauce, hot pepper sauce, hoisin sauce, oyster sauce, reduced sodium soy sauce, low sodium soy sauce, chili-garlic sauce, fish sauce, sweet chili sauce, teriyaki sauce, dark soy sauce, barbecue sauce, soya sauce, red chili sauce, chili sauce,hoisin sauce, sweet soy sauce, vegetarian oyster sauce, light soy sauce, pizza sauce, cranberry sauce, horseradish sauce, ""franks red hot sauce"", remoulade sauce, liquid hot pepper sauce, pasta sauce, sweet and sour sauce,soya sauce, spaghetti sauce with meat, hollandaise sauce mix, louisiana hot sauce, garlic sauce, green enchilada sauce,soy sauce, red enchilada sauce, pickapeppa sauce, bearnaise sauce mix, seafood cocktail sauce, dark soya sauce, alfredo sauce, cayenne pepper sauce, maggi seasoning sauce, unsweetened applesauce, thai fish sauce,reduced sodium soy sauce, steak sauce,light soy sauce, browning sauce, plum sauce, hunts tomato sauce, tomato and basil pasta sauce, marinara sauce, pork and beans in tomato sauce, three-cheese pasta sauce, ponzu sauce, habanero sauce, ragu tomato sauce, peanut sauce, tabasco brand chipotle pepper sauce, brown bean sauce, szechwan chili sauce, lea & perrins worcestershire sauce,teriyaki sauce, hot red pepper sauce, pinto beans in chili sauce, rag pasta sauce, chinese chili sauce,pesto sauce, curry sauce, bechamel sauce, mint sauce, canned tomato sauce,tomato sauce, yellow bean sauce,fish sauce, caramel sauce, hot chili sauce,chile sauce with garlic, white wine worcestershire sauce, black bean sauce']"
